0 Untitled Model
0 Name:  UntitledModel
0 Author:  
0 CustomBrick
1 370 -20.000000 -122.508000 -60.000040 1.000000 0.000000 0.000000 0.000000 1.000000 -0.000001 0.000000 0.000001 1.000000 4733.dat
1 2 -38.000000 -112.508000 -60.000020 0.000000 1.000000 0.000000 -1.000000 0.000000 -0.000001 -0.000001 0.000000 1.000000 30340.dat
1 2 -2.000000 -112.508000 -60.000020 0.000000 -1.000000 0.000000 -1.000000 0.000000 0.000001 -0.000001 0.000000 -1.000000 30340.dat
1 2 -20.000000 -112.508000 -78.000030 0.000000 0.000000 -1.000000 -1.000000 -0.000001 0.000000 -0.000001 1.000000 0.000000 30340.dat
1 2 -20.000000 -112.508000 -42.000180 0.000000 0.000000 1.000000 -1.000000 0.000001 0.000000 -0.000001 -1.000000 0.000000 30340.dat
1 2 -20.000000 -112.508000 -62.790080 0.000000 0.000000 -1.000000 -1.000000 -0.000001 0.000000 -0.000001 1.000000 0.000000 33183.dat
1 2 -27.629880 -112.508000 -60.000020 0.000000 1.000000 0.000000 -1.000000 0.000000 -0.000001 -0.000001 0.000000 1.000000 33183.dat
1 2 -20.000000 -112.508000 -53.310120 0.000000 0.000000 1.000000 -1.000000 0.000001 0.000000 -0.000001 -1.000000 0.000000 33183.dat
1 2 -15.790040 -112.508000 -60.000020 0.000000 -1.000000 0.000000 -1.000000 0.000000 0.000001 -0.000001 0.000000 -1.000000 33183.dat
1 288 -34.000000 -118.507900 -130.000100 1.000000 0.000000 0.000000 0.000000 1.000000 -0.000001 0.000000 0.000001 1.000000 10884.dat
1 288 -89.966060 -108.772900 -46.000060 0.000000 0.186492 0.982457 0.000001 0.982457 -0.186491 -1.000001 0.000001 0.000000 10884.dat
1 2 -6.000000 -118.508100 10.000050 -1.000000 0.000000 0.000000 0.000000 1.000000 0.000001 0.000000 0.000001 -1.000001 10884.dat
1 2 49.789060 -118.508000 -70.448960 -0.118370 0.000000 -0.992970 -0.000001 1.000000 0.000000 0.992970 0.000001 -0.118370 10884.dat
1 288 30.907230 -151.729000 -70.448970 -0.083701 0.707107 -0.702135 0.083699 0.707106 0.702135 0.992970 0.000001 -0.118370 10884.dat
1 10 -30.448980 -145.386100 -117.621300 0.992970 0.000000 -0.118371 0.066618 0.826597 0.558839 0.097844 -0.562795 0.820784 10884.dat
1 2 -77.621100 -145.386000 -49.551420 0.097845 -0.562797 0.820784 0.066619 0.826596 0.558840 -0.992970 0.000001 0.118371 10884.dat
1 288 -9.551030 -145.386100 -2.378890 -0.992970 0.000000 0.118370 0.066618 0.826596 0.558841 -0.097844 0.562797 -0.820783 10884.dat
1 10 -9.551030 -162.766500 -36.804470 -0.992970 0.000000 0.118370 0.116293 0.186490 0.975550 -0.022075 0.982457 -0.185179 10884.dat
1 288 -30.448980 -162.766500 -83.195820 0.992970 0.000000 -0.118370 0.116293 0.186493 0.975550 0.022075 -0.982457 0.185181 10884.dat
1 2 -43.195800 -162.766500 -49.551250 0.022075 -0.982457 0.185181 0.116295 0.186491 0.975550 -0.992970 0.000000 0.118371 10884.dat
1 2 -6.000000 -162.297200 -70.449060 0.000000 1.000000 0.000000 0.118369 0.000000 0.992970 0.992970 0.000000 -0.118369 10884.dat
1 15 -0.034370 -122.761800 -423.999500 1.000000 -0.000002 0.000000 -0.000001 0.999987 -0.000001 0.000000 0.000001 0.999999 4733.dat
1 15 -18.034480 -112.761800 -423.999400 0.000002 1.000000 0.000000 -0.999987 -0.000001 -0.000001 -0.000001 0.000000 0.999999 30340.dat
1 15 17.965590 -112.761900 -423.999400 0.000002 -1.000000 0.000000 -0.999987 0.000001 0.000001 -0.000001 0.000000 -0.999999 30340.dat
1 15 -0.034380 -112.761800 -441.999400 0.000002 0.000000 -1.000000 -0.999987 -0.000001 0.000001 -0.000001 0.999999 0.000000 30340.dat
1 15 -0.034380 -112.761800 -405.999700 0.000002 0.000000 1.000000 -0.999987 0.000001 -0.000001 -0.000001 -0.999999 0.000000 30340.dat
1 15 -0.034380 -112.761800 -426.789500 0.000002 0.000000 -1.000000 -0.999987 -0.000001 0.000001 -0.000001 0.999999 0.000000 33183.dat
1 15 -7.664200 -112.761800 -423.999400 0.000002 1.000000 0.000000 -0.999987 -0.000001 -0.000001 -0.000001 0.000000 0.999999 33183.dat
1 15 -0.034380 -112.761800 -417.309500 0.000002 0.000000 1.000000 -0.999987 0.000001 -0.000001 -0.000001 -0.999999 0.000000 33183.dat
1 15 4.175590 -112.761800 -423.999400 0.000002 -1.000000 0.000000 -0.999987 0.000001 0.000001 -0.000001 0.000000 -0.999999 33183.dat
1 15 -14.034500 -118.761700 -493.999100 1.000000 -0.000002 0.000000 -0.000001 0.999987 -0.000001 0.000000 0.000001 0.999999 10884.dat
1 15 -70.000000 -109.026600 -410.000000 0.000000 0.186491 0.982457 0.000001 0.982457 -0.186491 -1.000000 0.000001 0.000000 10884.dat
1 15 13.965570 -118.761900 -354.000200 -1.000000 -0.000002 0.000000 0.000001 0.999987 0.000001 0.000000 0.000001 -1.000000 10884.dat
1 15 69.754660 -118.761800 -434.448400 -0.118370 -0.000002 -0.992970 -0.000001 0.999987 0.000001 0.992969 0.000001 -0.118370 10884.dat
1 15 50.872840 -151.982600 -434.448400 -0.083701 0.707106 -0.702135 0.083698 0.707094 0.702123 0.992969 0.000001 -0.118369 10884.dat
1 15 -10.483210 -145.639800 -481.620700 0.992970 -0.000002 -0.118373 0.066617 0.826584 0.558827 0.097844 -0.562795 0.820784 10884.dat
1 15 -57.655420 -145.639600 -413.550800 0.097845 -0.562797 0.820783 0.066618 0.826583 0.558828 -0.992969 0.000001 0.118371 10884.dat
1 15 10.414610 -145.639800 -366.379100 -0.992970 -0.000002 0.118368 0.066618 0.826583 0.558829 -0.097844 0.562797 -0.820783 10884.dat
1 15 10.414660 -163.020100 -400.804100 -0.992970 0.000000 0.118368 0.116293 0.186487 0.975537 -0.022075 0.982456 -0.185179 10884.dat
1 15 -10.483190 -163.020100 -447.195200 0.992970 -0.000001 -0.118372 0.116292 0.186490 0.975537 0.022075 -0.982456 0.185181 10884.dat
1 15 -23.230160 -163.020100 -413.550800 0.022075 -0.982457 0.185180 0.116294 0.186488 0.975537 -0.992969 0.000000 0.118371 10884.dat
1 15 13.965680 -162.550800 -434.448500 0.000000 1.000000 -0.000002 0.118368 -0.000001 0.992957 0.992969 0.000000 -0.118369 10884.dat
1 288 -35.760320 -113.547500 -952.445100 0.000000 0.000001 -0.999999 -0.923877 -0.382688 -0.000003 -0.382681 0.923881 0.000003 2518.dat
1 370 -21.760250 -116.434200 -924.000400 0.999999 -0.000001 0.000001 0.000002 1.000000 0.000004 -0.000003 -0.000004 1.000000 4733.dat
1 2 -39.760290 -106.434200 -924.000400 0.000001 0.999999 0.000001 -1.000001 0.000002 0.000004 0.000004 -0.000003 1.000000 30340.dat
1 2 -3.760210 -106.434100 -924.000400 0.000001 -0.999999 -0.000001 -1.000000 -0.000002 -0.000004 0.000004 0.000003 -1.000000 30340.dat
1 2 -21.761230 -106.434100 -942.000400 0.000001 0.000001 -0.999999 -1.000000 0.000004 -0.000002 0.000004 1.000000 0.000002 30340.dat
1 2 -21.760250 -106.434100 -906.000400 0.000001 0.000000 0.999999 -1.000000 -0.000004 0.000002 0.000004 -1.000000 -0.000002 30340.dat
1 2 -49.121320 -135.739300 -909.372400 -0.186124 0.982456 0.011709 -0.980519 -0.186489 0.061678 0.062788 -0.000001 0.998027 2518.dat
1 2 -7.760140 -116.260800 -875.761500 0.000001 0.000000 -0.999999 -0.382693 0.923876 -0.000002 0.923879 0.382686 0.000002 2518.dat
1 2 25.329460 -119.032500 -938.000500 0.923876 0.382690 0.000002 -0.382688 0.923877 -0.000004 -0.000003 -0.000004 1.000000 2518.dat
1 288 16.221740 -130.296900 -938.000400 0.548291 0.836287 -0.000002 -0.836287 0.548292 -0.000001 0.000005 -0.000004 1.000000 2518.dat
1 2 -35.760350 -110.470600 -973.790800 0.000000 -0.000001 0.999999 -0.203607 0.979052 0.000003 -0.979051 -0.203615 -0.000002 2518.dat
1 2 -70.000000 -116.261100 -910.000000 -0.923876 -0.382691 -0.000002 -0.382691 0.923876 -0.000004 0.000004 -0.000003 -1.000000 2518.dat
1 288 -7.760160 -130.296900 -886.017300 0.000000 0.000001 -0.999999 -0.836286 0.548293 -0.000002 0.548299 0.836282 0.000002 2518.dat
1 2 -7.760160 -135.758600 -896.635100 0.000001 0.000001 -0.999999 -0.982456 0.186495 -0.000003 0.186503 0.982455 0.000003 2518.dat
1 2 -2.761210 -116.434000 -938.000400 0.000000 0.999999 0.000000 -1.000000 0.000002 0.000002 0.000010 -0.000002 1.000000 2518.dat
1 2 -35.760320 -112.786200 -951.546100 -0.000001 -0.000001 0.999999 -0.562795 0.826596 0.000003 -0.826592 -0.562802 -0.000004 2518.dat
1 10 -48.778340 -113.571200 -910.000100 -0.548291 -0.836288 -0.000002 -0.836288 0.548291 -0.000004 0.000005 0.000000 -1.000000 2518.dat
1 15 -60.000000 -113.545500 -1510.000000 0.000001 0.000004 -1.000000 -0.923878 -0.382687 -0.000003 -0.382687 0.923878 0.000003 2518.dat
1 15 -45.999950 -116.434300 -1481.543000 1.000000 -0.000003 0.000003 0.000002 1.000000 0.000004 -0.000003 -0.000007 1.000000 4733.dat
1 15 -63.999980 -106.434300 -1481.543000 0.000003 1.000000 0.000003 -1.000001 0.000002 0.000004 0.000007 -0.000003 1.000000 30340.dat
1 15 -27.999950 -106.434200 -1481.543000 0.000003 -1.000000 -0.000003 -1.000000 -0.000002 -0.000004 0.000007 0.000003 -1.000000 30340.dat
1 15 -46.000960 -106.434200 -1499.543000 0.000003 0.000003 -1.000000 -1.000000 0.000004 -0.000002 0.000007 1.000000 0.000002 30340.dat
1 15 -45.999950 -106.434200 -1463.543000 0.000003 -0.000002 1.000000 -1.000000 -0.000004 0.000002 0.000007 -1.000000 -0.000002 30340.dat
1 15 -73.360840 -135.739400 -1466.915000 -0.186122 0.982457 0.011710 -0.980519 -0.186490 0.061679 0.062791 -0.000001 0.998027 2518.dat
1 15 -31.999760 -116.260900 -1433.304000 0.000003 -0.000001 -1.000000 -0.382692 0.923876 -0.000002 0.923876 0.382686 0.000002 2518.dat
1 15 1.089800 -119.032600 -1495.543000 0.923878 0.382688 0.000004 -0.382688 0.923877 -0.000004 -0.000002 -0.000007 1.000000 2518.dat
1 15 -8.017950 -130.297000 -1495.543000 0.548293 0.836286 0.000000 -0.836287 0.548292 -0.000001 0.000008 -0.000005 1.000000 2518.dat
1 15 -60.000130 -110.470700 -1531.333000 -0.000002 -0.000003 1.000000 -0.203609 0.979052 0.000003 -0.979053 -0.203618 -0.000002 2518.dat
1 15 -94.239440 -116.261200 -1467.542000 -0.923876 -0.382693 -0.000004 -0.382691 0.923877 -0.000004 0.000005 -0.000005 -1.000000 2518.dat
1 15 -31.999800 -130.297000 -1443.559000 0.000003 0.000001 -1.000000 -0.836286 0.548294 -0.000002 0.548306 0.836286 0.000002 2518.dat
1 15 -31.999800 -135.758700 -1454.177000 0.000003 0.000003 -1.000000 -0.982456 0.186496 -0.000003 0.186505 0.982456 0.000003 2518.dat
1 15 -27.000960 -116.434100 -1495.543000 0.000002 1.000000 0.000002 -1.000000 0.000002 0.000003 0.000013 -0.000002 1.000000 2518.dat
1 15 -60.000070 -112.786200 -1509.089000 -0.000002 -0.000004 1.000000 -0.562797 0.826596 0.000003 -0.826596 -0.562809 -0.000004 2518.dat
1 15 -73.017910 -113.571300 -1467.542000 -0.548290 -0.836290 -0.000004 -0.836288 0.548291 -0.000004 0.000007 -0.000002 -1.000000 2518.dat
1 15 -40.000000 -104.504500 260.000000 0.000000 1.000000 0.000000 0.118369 0.000000 0.992970 0.992970 0.000000 -0.118370 10884.dat
